1,13c1,10
<                 1       3.19189e-16       1.38778e-17      -1.11022e-16       9.02056e-17      -6.93889e-18       2.13371e-16       3.19189e-16      -1.31839e-15       2.60209e-16 
<       4.44089e-16                 1                 0      -1.66533e-16                 0      -1.66533e-16       2.01228e-16       1.94289e-16      -1.66533e-15       1.52656e-16 
<       8.88178e-16       8.32667e-16                 1      -3.33067e-16      -5.55112e-17        -2.498e-16      -1.94289e-16      -2.22045e-16        9.4369e-16      -9.71445e-16 
<       4.44089e-16       6.93889e-16      -2.77556e-17                 1       5.55112e-17      -5.82867e-16       1.31839e-16      -4.71845e-16      -3.60822e-16      -1.60288e-15 
<      -2.22045e-16       5.55112e-17       5.55112e-17      -3.88578e-16                 1      -2.77556e-17       3.46945e-16       4.44089e-16                 0       6.52256e-16 
<       2.56739e-16       8.82107e-16      -1.60462e-16       7.02563e-17       9.19403e-17                 1       1.94072e-16       3.55618e-17      -5.26489e-16       1.97542e-16 
<       2.05391e-15        2.2482e-15      -8.32667e-17      -1.38778e-15      -2.77556e-17       5.55112e-17                 1      -7.49401e-16      -8.60423e-16      -5.27356e-16 
<       6.66134e-16      -5.27356e-16      -8.32667e-17       1.38778e-16         3.747e-16      -1.94289e-16       5.10009e-16                 1      -2.02616e-15       7.49401e-16 
<       1.66533e-16      -1.23512e-15      -5.55112e-17       1.11022e-16       1.11022e-16       1.26288e-15       4.09395e-16       1.80411e-16                 1       1.63758e-15 
<       2.33147e-15       1.33227e-15       2.77556e-16      -5.82867e-16      -4.30211e-16      -1.38778e-16      -5.20417e-17       1.11022e-16      -8.88178e-16                 1 
< 
< 
< 
---
>                 1        -3.747e-16       1.52656e-16       7.77156e-16       4.85723e-17      -3.19189e-16       4.12864e-16      -1.38778e-17      -5.68989e-16        1.4537e-15 
>       2.77556e-16                 1       5.55112e-17       1.11022e-16       2.77556e-17      -2.22045e-16       2.70617e-16       8.32667e-17       3.60822e-16      -2.35922e-16 
>       2.22045e-16      -9.99201e-16                 1      -1.11022e-16      -5.55112e-17       2.77556e-16       2.08167e-16       1.11022e-16      -1.66533e-16         2.498e-16 
>      -2.22045e-16      -3.60822e-16                 0                 1       5.55112e-17      -4.44089e-16        1.8735e-16       1.11022e-16      -6.93889e-16      -8.32667e-16 
>      -2.22045e-16       2.77556e-16       1.11022e-16       3.33067e-16                 1      -3.05311e-16       3.60822e-16      -2.22045e-16       1.16573e-15         2.498e-16 
>       2.48065e-16      -2.77556e-17      -4.94396e-17       2.93168e-16       1.48319e-16                 1       1.92121e-16        2.6628e-16      -5.37764e-16       2.23779e-16 
>       2.22045e-16      -7.49401e-16      -2.77556e-17       1.66533e-16       8.32667e-17       5.55112e-17                 1      -2.22045e-16         4.996e-16       3.96211e-15 
>       2.77556e-17      -1.02696e-15                 0      -8.32667e-17       6.93889e-17       8.32667e-17       3.53884e-16                 1         1.249e-15       3.14332e-15 
>       2.77556e-17      -7.21645e-16       2.77556e-17      -3.19189e-16       6.93889e-17      -8.32667e-17       4.85723e-16       1.11022e-16                 1       2.98719e-15 
>      -4.16334e-16       5.82867e-16                 0       4.44089e-16       1.11022e-16      -2.77556e-17       4.54498e-16       2.77556e-17       1.66533e-16                 1 
\ No newline at end of file
